n,prior,posterior
1,0.5,0.5
2,0.25,0.2763157894736842
3,0.125,0.14785318559556787
4,0.0625,0.07924806823152063
5,0.03125,0.04275284681670645
6,0.015625,0.02325457933022872
7,0.0078125,0.012771094634990468
8,0.00390625,0.007092220570983113
9,0.001953125,0.0039895670153864155
10,0.0009765625,0.002277879407780988
11,0.00048828125,0.0013231144588813624
12,0.000244140625,0.0007838940898688973
13,0.0001220703125,0.0004750782551180173
14,6.103515625e-05,0.00029544335864161103
15,3.0517578125e-05,0.00018914472661559167
16,1.52587890625e-05,0.00012506283404716022
17,7.62939453125e-06,8.566334567037962e-05
18,3.814697265625e-06,6.094612435289043e-05
19,1.9073486328125e-06,4.5132877468285926e-05
20,9.5367431640625e-07,3.4838510669150346e-05
21,4.76837158203125e-07,2.8052301341732778e-05
22,2.384185791015625e-07,2.3564766170346527e-05
23,1.1920928955078125e-07,2.0642156888926763e-05
24,5.960464477539063e-08,1.8840092760894237e-05
25,2.9802322387695312e-08,1.7896490861763087e-05
